   2.52576923       33.8630791    
   2.56815553       34.2109184    
   2.61054182       34.5587921    
   2.65292835       34.9067192    
   2.69531465       35.2547302    
   2.73770094       35.6028595    
   2.78008723       35.9511299    
   2.82247353       36.2995720    
   2.86486006       36.6482162    
   2.90724635       36.9970894    
   2.94963264       37.3462181    
   2.99201894       37.6956329    
   3.03440523       38.0453682    
   3.07679176       38.3954468    
   3.11917782       38.7458954    
   3.16156435       39.0967445    
   3.20395064       39.4480286    
   3.24633694       39.7997627    
   3.28872347       40.1519928    
   3.33110952       40.5047264    
   3.37349606       40.8580170    
   3.41588235       41.2118797    
   3.45826864       41.5663338    
   3.50065494       41.9214287    
   3.54304123       42.2771797    
   3.58542776       42.6336136    
   3.62781405       42.9907722    
   3.67020035       43.3486671    
   3.71258664       43.7073441    
   3.75497293       44.0668182    
   3.79735947       44.4271278    
   3.83974576       44.7882881    
   3.88213205       45.1503448    
   3.92451835       45.5133171    
   3.96690464       45.8772278    
   4.00929117       46.2421227    
   4.05167770       46.6080208    
   4.09406376       46.9749413    
   4.13644981       47.3429260    
   4.17883635       47.7120018    
   4.22122288       48.0821991    
   4.26360893       48.4535370    
   4.30599546       48.8260498    
   4.34838200       49.1997681    
   4.39076805       49.5747147    
   4.43315458       49.9509239    
   4.47554064       50.3284225    
   4.51792717       50.7072411    
   4.56031322       51.0874023    
   4.60269976       51.4689445    
   4.64508629       51.8518906    
   4.68747234       52.2362671    
   4.72985888       52.6221046    
   4.77224541       53.0094337    
   4.81463146       53.3982811    
   4.85701752       53.7886696    
   4.89940405       54.1806412    
   4.94179058       54.5742188    
   4.98417664       54.9694214    
   5.02656317       55.3662949    
   5.06894970       55.7648582    
   5.11133575       56.1651344    
   5.15372229       56.5671654    
   5.19610882       56.9709702    
   5.23849487       57.3765793    
   5.28088093       57.7840233    
   5.32326746       58.1933327    
   5.36565399       58.6045189    
   5.40804005       59.0174713    
   5.45042658       59.4319992    
   5.49281311       59.8478813    
   5.53519917       60.2649117    
   5.57758570       60.6828995    
   5.61997223       61.1016235    
   5.66235828       61.5208778    
   5.70474434       61.9404640    
   5.74713087       62.3601761    
   5.78951740       62.7798080    
   5.83190346       63.1991501    
   5.87428999       63.6179962    
   5.91667652       64.0361481    
   5.95906258       64.4533768    
   6.00144911       64.8695068    
   6.04383564       65.2843170    
   6.08622169       65.6975937    
   6.12860775       66.1091385    
   6.17099428       66.5187607    
   6.21338081       66.9262314    
   6.25576687       67.3313522    
   6.29815340       67.7339325    
   6.34053993       68.1337433    
   6.38292599       68.5305786    
   6.42531204       68.9242554    
   6.46769857       69.3145447    
   6.51008511       69.7012482    
   6.55247116       70.0841675    
   6.59485769       70.4630890    
   6.63724422       70.8378067    
   6.67963028       71.2081223    
   6.72201681       71.5738144    
   6.76440287       71.9346924    
   6.80678940       72.2905350    
   6.84917593       72.6411591    
   6.89156199       72.9863358    
   6.93394852       73.3258743    
   6.97633457       73.6595535    
   7.01872110       73.9871826    
   7.06110764       74.3085480    
   7.10349369       74.6234436    
   7.14588022       74.9316711    
   7.18826628       75.2330093    
   7.23065281       75.5272675    
   7.27303886       75.8142319    
   7.31542540       76.0937042    
   7.35781145       76.3654633    
   7.40019846       76.6293182    
   7.44258451       76.8850555    
   7.48497105       77.1324615    
   7.52735710       77.3713455    
   7.56974363       77.6015015    
   7.61212969       77.8227158    
   7.65451622       78.0347900    
   7.69690228       78.2374954    
   7.73928881       78.4306488    
   7.78167534       78.6140442    
   7.82406187       78.7874680    
   7.86644793       78.9507141    
   7.90883446       79.1035690    
   7.95122051       79.2458496    
   7.99360704       79.3773270    
   8.03599358       79.4978104    
   8.07837963       79.6070938    
   8.12076569       79.7049484    
   8.16315269       79.7912064    
   8.20553875       79.8658447    
   8.24792480       79.9291763    
   8.29031181       79.9815140    
   8.33269691       80.0231552    
   8.37508392       80.0544586    
   8.41747093       80.0756912    
   8.45985699       80.0871964    
   8.50224304       80.0892792    
   8.54463005       80.0822601    
   8.58701515       80.0664673    
   8.62940216       80.0421829    
   8.67178822       80.0097580    
   8.71417427       79.9694977    
   8.75656128       79.9216995    
   8.79894733       79.8667068    
   8.84133339       79.8048248    
   8.88372040       79.7363663    
   8.92610550       79.6616440    
   8.96849251       79.5809784    
   9.01087856       79.4946899    
   9.05326462       79.4030914    
   9.09565163       79.3064804    
   9.13803864       79.2051926    
   9.18042469       79.0995560    
   9.22281075       78.9898682    
   9.26519775       78.8764343    
   9.30758286       78.7595978    
   9.34996986       78.6396484    
   9.39235592       78.5169220    
   9.43474197       78.3917313    
   9.47712898       78.2643738    
   9.51951504       78.1351852    
   9.56190109       78.0044708    
   9.60428810       77.8725586    
   9.64667416       77.7397461    
   9.68906021       77.6063690    
   9.73144722       77.4727249    
   9.77383232       77.3391495    
   9.81621933       77.2059402    
   9.85860538       77.0734253    
   9.90099239       76.9419022    
   9.94337845       76.8117065    
   9.98576546       76.6831512    
   10.0281515       76.5565414    
   10.0705376       76.4322052    
   10.1129246       76.3104553    
   10.1553097       76.1916122    
   10.1976967       76.0759735    
   10.2400827       75.9638748    
   10.2824688       75.8556137    
   10.3248558       75.7515182    
   10.3672419       75.6519012    
   10.4096279       75.5570908    
   10.4520149       75.4673767    
   10.4944000       75.3831024    
   10.5367870       75.3045578    
   10.5791731       75.2320786    
   10.6215591       75.1659775    
   10.6639462       75.1065598    
   10.7063332       75.0541458    
   10.7487192       75.0090637    
   10.7911053       74.9715881    
   10.8334913       74.9417496    
   10.8758783       74.9194031    
   10.9182644       74.9044495    
   10.9606504       74.8967209    
   11.0030365       74.8961182    
   11.0454235       74.9024887    
   11.0878096       74.9157181    
   11.1301956       74.9356689    
   11.1725826       74.9622116    
   11.2149687       74.9952087    
   11.2573547       75.0345306    
   11.2997408       75.0800629    
   11.3421278       75.1316605    
   11.3845139       75.1891937    
   11.4268999       75.2525253    
   11.4692869       75.3215485    
   11.5116730       75.3961105    
   11.5540600       75.4760895    
   11.5964460       75.5613556    
   11.6388321       75.6517715    
   11.6812181       75.7472076    
   11.7236052       75.8475418    
   11.7659912       75.9526443    
   11.8083773       76.0623627    
   11.8507633       76.1765900    
   11.8931503       76.2951965    
   11.9355364       76.4180298    
   11.9779224       76.5449753    
   12.0203085       76.6759033    
   12.0626955       76.8106842    
   12.1050816       76.9491653    
   12.1474676       77.0912476    
   12.1898537       77.2367706    
   12.2322407       77.3856354    
   12.2746277       77.5376968    
   12.3170137       77.6928253    
   12.3593998       77.8508682    
   12.4017859       78.0117264    
   12.4441729       78.1752548    
   12.4865589       78.3413162    
   12.5289450       78.5098038    
   12.5713310       78.6805649    
   12.6137180       78.8534851    
   12.6561041       79.0284119    
   12.6984901       79.2052307    
   12.7408762       79.3838120    
   12.7832632       79.5640259    
   12.8256493       79.7457352    
   12.8680353       79.9287949    
   12.9104223       80.1131058    
   12.9528084       80.2985153    
   12.9951954       80.4849091    
   13.0375814       80.6721420    
   13.0799675       80.8600845    
   13.1223545       81.0486069    
   13.1647406       81.2375870    
   13.2071266       81.4268875    
   13.2495127       81.6163864    
   13.2918997       81.8059387    
   13.3342857       81.9954224    
   13.3766718       82.1847000    
   13.4190578       82.3736572    
   13.4614449       82.5622177    
   13.5038309       82.7503662    
   13.5462170       82.9380875    
   13.5886030       83.1253510    
   13.6309900       83.3121490    
   13.6733761       83.4984665    
   13.7157621       83.6842575    
   13.7581482       83.8695374    
   13.8005352       84.0542755    
   13.8429222       84.2384491    
   13.8853083       84.4220276    
   13.9276943       84.6050262    
   13.9700804       84.7873840    
   14.0124674       84.9691162    
   14.0548534       85.1501923    
   14.0972395       85.3305893    
   14.1396255       85.5102921    
   14.1820126       85.6892700    
   14.2243986       85.8675385    
   14.2667847       86.0450363    
   14.3091717       86.2217789    
   14.3515577       86.3977203    
   14.3939447       86.5728760    
   14.4363298       86.7471771    
   14.4787169       86.9206543    
   14.5211029       87.0932541    
   14.5634899       87.2649841    
   14.6058750       87.4358063    
   14.6482620       87.6057053    
   14.6906481       87.7746735    
   14.7330351       87.9426804    
   14.7754202       88.1097107    
   14.8178072       88.2757416    
   14.8601933       88.4407730    
   14.9025803       88.6047516    
   14.9449673       88.7677002    
   14.9873524       88.9295578    
   15.0297394       89.0903473    
   15.0721254       89.2500076    
   15.1145124       89.4085617    
   15.1568975       89.5659561    
   15.1992846       89.7221909    
   15.2416706       89.8772430    
   15.2840576       90.0311050    
   15.3264427       90.1837311    
   15.3688297       90.3351212    
   15.4112158       90.4852448    
   15.4536028       90.6341095    
   15.4959879       90.7816772    
   15.5383749       90.9279175    
   15.5807610       91.0728302    
   15.6231480       91.2163925    
   15.6655331       91.3585815    
   15.7079201       91.4993896    
   15.7503071       91.6387863    
   15.7926931       91.7767563    
   15.8350801       91.9132843    
   15.8774652       92.0483398    
   15.9198523       92.1819229    
   15.9622383       92.3141098    
   16.0046253       92.4449615    
   16.0470104       92.5745468    
   16.0893974       92.7029648    
   16.1317825       92.8302383    
   16.1741714       92.9564896    
   16.2165565       93.0817566    
   16.2589417       93.2061234    
   16.3013287       93.3296738    
   16.3437157       93.4524689    
   16.3861008       93.5745773    
   16.4284897       93.6960907    
   16.4708748       93.8170547    
   16.5132599       93.9375610    
   16.5556488       94.0576782    
   16.5980339       94.1774673    
   16.6404209       94.2970200    
   16.6828060       94.4163895    
   16.7251930       94.5356750    
   16.7675781       94.6549149    
   16.8099670       94.7742157    
   16.8523521       94.8936157    
   16.8947372       95.0132141    
   16.9371243       95.1330719    
   16.9795113       95.2532654    
   17.0218964       95.3738632    
   17.0642834       95.4949493    
   17.1066704       95.6165771    
   17.1490555       95.7388306    
   17.1914406       95.8617859    
   17.2338295       95.9855194    
   17.2762146       96.1100769    
   17.3186016       96.2355576    
   17.3609886       96.3620377    
   17.4033737       96.4895477    
   17.4457607       96.6182098    
   17.4881477       96.7480850    
   17.5305328       96.8792191    
   17.5729179       97.0117035    
   17.6153069       97.1456223    
   17.6576920       97.2810287    
   17.7000790       97.4180069    
   17.7424641       97.5566177    
   17.7848511       97.6969452    
   17.8272362       97.8390503    
   17.8696251       97.9830322    
   17.9120102       98.1289215    
   17.9543953       98.2768250    
   17.9967823       98.4268036    
   18.0391693       98.5789337    
   18.0815563       98.7332840    
   18.1239414       98.8899155    
   18.1663284       99.0489273    
   18.2087135       99.2103500    
   18.2511024       99.3743210    
   18.2934875       99.5408478    
   18.3358727       99.7100296    
   18.3782597       99.8819580    
   18.4206467       100.056671    
   18.4630318       100.234253    
   18.5054188       100.414795    
   18.5478058       100.598351    
   18.5901909       100.784988    
   18.6325760       100.974785    
   18.6749649       101.167839    
   18.7173500       101.364182    
   18.7597351       101.563904    
   18.8021240       101.767105    
   18.8445091       101.973816    
   18.8868980       102.184135    
   18.9292831       102.398102    
   18.9716682       102.615814    
   19.0140533       102.837349    
   19.0564423       103.062782    
   19.0988274       103.292160    
   19.1412125       103.525581    
   19.1836014       103.763123    
   19.2259865       104.004814    
   19.2683716       104.250763    
   19.3107605       104.501053    
   19.3531456       104.755714    
   19.3955307       105.014854    
   19.4379158       105.278534    
   19.4803047       105.546799    
   19.5226898       105.819389    
   19.5650787       106.096092    
   19.6074638       106.376549    
   19.6498489       106.660484    
   19.6922379       106.947655    
   19.7346230       107.237701    
   19.7770081       107.530380    
   19.8193970       107.825417    
   19.8617821       108.122467    
   19.9041672       108.421280    
   19.9465561       108.721558    
   19.9889412       109.023010    
   20.0313263       109.325340    
   20.0737114       109.628258    
   20.1161003       109.931503    
   20.1584854       110.234756    
   20.2008743       110.537750    
   20.2432594       110.840157    
   20.2856445       111.141708    
   20.3280296       111.442123    
   20.3704185       111.741127    
   20.4128036       112.038383    
   20.4551888       112.333633    
   20.4975777       112.626602    
   20.5399628       112.916962    
   20.5823517       113.204468    
   20.6247368       113.488777    
   20.6671219       113.769630    
   20.7095070       114.046730    
   20.7518959       114.319832    
   20.7942810       114.588562    
   20.8366661       114.852684    
   20.8790550       115.111923    
   20.9214401       115.365952    
   20.9638252       115.614487    
   21.0062141       115.857277    
   21.0485992       116.093971    
   21.0909843       116.324318    
   21.1333733       116.548027    
   21.1757584       116.764801    
   21.2181435       116.974358    
   21.2605324       117.176407    
   21.3029175       117.370636    
   21.3453026       117.556786    
   21.3876915       117.734573    
   21.4300766       117.903664    
   21.4724617       118.063797    
   21.5148468       118.214676    
   21.5572357       118.356041    
   21.5996208       118.487572    
   21.6420097       118.609032    
   21.6843948       118.721603    
   21.7267799       118.827934    
   21.7691650       118.930779    
   21.8115540       119.032852    
   21.8539391       119.136879    
   21.8963242       119.245590    
   21.9387131       119.361717    
   21.9810982       119.487144    
   22.0234871       119.621902    
   22.0658722       119.765724    
   22.1082573       119.918411    
   22.1506424       120.079712    
   22.1930313       120.249435    
   22.2354164       120.427307    
   22.2778015       120.613106    
   22.3201904       120.806648    
   22.3625755       121.007629    
   22.4049606       121.215866    
   22.4473495       121.431137    
   22.4897346       121.653175    
   22.5321198       121.881775    
   22.5745049       122.116692    
   22.6168938       122.357727    
   22.6592789       122.604614    
   22.7016678       122.857155    
   22.7440529       123.115074    
   22.7864380       123.378181    
   22.8288269       123.646248    
   22.8712120       123.919014    
   22.9135971       124.196274    
   22.9559822       124.477768    
   22.9983711       124.763329    
   23.0407562       125.052666    
   23.0831451       125.345581    
   23.1255302       125.641808    
   23.1679153       125.941162    
   23.2103004       126.243370    
   23.2526894       126.548256    
   23.2950745       126.855537    
   23.3374634       127.165024    
   23.3798485       127.476448    
   23.4222336       127.789604    
   23.4646225       128.104263    
   23.5070076       128.420166    
   23.5493927       128.737122    
   23.5917778       129.054855    
   23.6341667       129.373215    
   23.6765518       129.691895    
   23.7189407       130.010712    
   23.7613258       130.329391    
   23.8037109       130.647720    
   23.8460960       130.965485    
   23.8884850       131.282471    
   23.9308701       131.598389    
   23.9732552       131.913040    
   24.0156441       132.226242    
   24.0580292       132.537689    
   24.1004143       132.847168    
   24.1428032       133.154510    
   24.1851883       133.459396    
   24.2275734       133.761642    
   24.2699623       134.061035    
   24.3123474       134.357315    
   24.3547325       134.650253    
   24.3971214       134.939651    
   24.4395065       135.225220    
   24.4818916       135.506790    
   24.5242805       135.784103    
   24.5666656       136.056931    
   24.6090508       136.325027    
   24.6514359       136.588196    
   24.6938248       136.846207    
   24.7362099       137.098801    
   24.7785988       137.345764    
   24.8209839       137.586853    
   24.8633690       137.821838    
   24.9057541       138.050522    
   24.9481430       138.272659    
   24.9905281       138.487991    
   25.0329132       138.696304    
   25.0753021       138.897400    
   25.1176872       139.091003    
   25.1600761       139.276917    
   25.2024612       139.454880    
   25.2448463       139.624756    
   25.2872314       139.786575    
   25.3296204       139.940475    
   25.3720055       140.086533    
   25.4143906       140.224823    
   25.4567795       140.355484    
   25.4991646       140.478577    
   25.5415497       140.594254    
   25.5839386       140.702576    
   25.6263237       140.803665    
   25.6687088       140.897583    
   25.7110939       140.984467    
   25.7534828       141.064407    
   25.7958679       141.137497    
   25.8382568       141.203842    
   25.8806419       141.263519    
   25.9230270       141.316650    
   25.9654160       141.363358    
   26.0078011       141.403687    
   26.0501862       141.437775    
   26.0925751       141.465714    
   26.1349602       141.487610    
   26.1773453       141.503525    
   26.2197304       141.513611    
   26.2621193       141.517944    
   26.3045044       141.516617    
   26.3468895       141.509735    
   26.3892746       141.497391    
   26.4316635       141.479706    
   26.4740486       141.456757    
   26.5164375       141.428650    
   26.5588226       141.395493    
   26.6012115       141.357361    
   26.6435966       141.314377    
   26.6859818       141.266663    
   26.7283707       141.214264    
   26.7707558       141.157303    
   26.8131409       141.095901    
   26.8555260       141.030136    
   26.8979149       140.960098    
   26.9403000       140.885895    
   26.9826851       140.807648    
   27.0250702       140.725433    
   27.0674591       140.639328    
   27.1098442       140.549500    
   27.1522331       140.455978    
   27.1946182       140.358902    
   27.2370071       140.258377    
   27.2793922       140.154480    
   27.3217773       140.047318    
   27.3641663       139.936966    
   27.4065514       139.823578    
   27.4489365       139.707214    
   27.4913216       139.587982    
   27.5337105       139.465973    
   27.5760956       139.341293    
   27.6184807       139.214066    
   27.6608658       139.084351    
   27.7032547       138.952286    
   27.7456398       138.817932    
   27.7880249       138.681412    
   27.8304138       138.542816    
   27.8727989       138.402252    
   27.9151878       138.259796    
   27.9575729       138.115601    
   27.9999580       137.969711    
   28.0423470       137.822266    
   28.0847321       137.673340    
   28.1271172       137.523041    
   28.1695061       137.371445    
   28.2118912       137.218689    
   28.2542763       137.064865    
   28.2966614       136.910049    
   28.3390503       136.754364    
   28.3814354       136.597900    
   28.4238205       136.440781    
   28.4662056       136.283051    
   28.5085945       136.124832    
   28.5509796       135.966278    
   28.5933685       135.807404    
   28.6357536       135.648361    
   28.6781425       135.489243    
   28.7205276       135.330124    
   28.7629128       135.171143    
   28.8052979       135.012390    
   28.8476868       134.853928    
   28.8900719       134.695908    
   28.9324570       134.538376    
   28.9748459       134.381485    
   29.0172310       134.225296    
   29.0596161       134.069901    
   29.1020012       133.915436    
   29.1443901       133.761826    
   29.1867752       133.609100    
   29.2291603       133.457306    
   29.2715492       133.306412    
   29.3139343       133.156418    
   29.3563232       133.007355    
   29.3987083       132.859222    
   29.4410934       132.712021    
   29.4834824       132.565750    
   29.5258675       132.420425    
   29.5682526       132.276047    
   29.6106377       132.132645    
   29.6530266       131.990173    
   29.6954117       131.848694    
   29.7377968       131.708176    
   29.7801857       131.568649    
   29.8225708       131.430099    
   29.8649559       131.292557    
   29.9073410       131.156006    
   29.9497299       131.020447    
   29.9921150       130.885910    
   30.0345039       130.752396    
   30.0768890       130.619904    
   30.1192780       130.488419    
   30.1616631       130.357986    
   30.2040482       130.228622    
   30.2464333       130.100266    
   30.2888222       129.972961    
   30.3312073       129.846725    
   30.3735924       129.721573    
   30.4159775       129.597473    
   30.4583664       129.474457    
   30.5007515       129.352493    
   30.5431366       129.231674    
   30.5855255       129.111893    
   30.6279106       128.993256    
   30.6702995       128.875702    
   30.7126846       128.759277    
   30.7550735       128.643951    
   30.7974586       128.529770    
   30.8398438       128.416733    
   30.8822289       128.304810    
   30.9246178       128.194031    
   30.9670029       128.084412    
   31.0093880       127.975945    
   31.0517731       127.868637    
   31.0941620       127.762497    
   31.1365471       127.657547    
   31.1789322       127.553764    
   31.2213211       127.451141    
   31.2637062       127.349739    
   31.3060913       127.249527    
   31.3484802       127.150520    
   31.3908653       127.052719    
   31.4332542       126.956139    
   31.4756393       126.860779    
   31.5180244       126.766647    
   31.5604134       126.673752    
   31.6027985       126.582100    
   31.6451836       126.491684    
   31.6875687       126.402542    
   31.7299576       126.314629    
   31.7723427       126.227997    
   31.8147278       126.142632    
   31.8571129       126.058548    
   31.8995018       125.975739    
   31.9418869       125.894226    
   31.9842720       125.814003    
   32.0266609       125.735077    
   32.0690460       125.657463    
   32.1114349       125.581154    
   32.1538200       125.506172    
   32.1962090       125.432503    
   32.2385941       125.360184    
   32.2809792       125.289185    
   32.3233643       125.219536    
   32.3657532       125.151237    
   32.4081383       125.084290    
   32.4505234       125.018700    
   32.4929085       124.954483    
   32.5352974       124.891632    
   32.5776825       124.830162    
   32.6200676       124.770088    
   32.6624527       124.711395    
   32.7048416       124.654106    
   32.7472267       124.598213    
   32.7896156       124.543724    
   32.8320007       124.490662    
   32.8743896       124.439011    
   32.9167747       124.388794    
   32.9591599       124.340004    
   33.0015488       124.292664    
   33.0439339       124.246758    
   33.0863190       124.202309    
   33.1287041       124.159317    
   33.1710930       124.117790    
   33.2134781       124.077736    
   33.2558632       124.039146    
   33.2982483       124.002052    
   33.3406372       123.966438    
   33.3830223       123.932312    
   33.4254074       123.899696    
   33.4677963       123.868576    
   33.5101814       123.838974    
   33.5525703       123.810875    
   33.5949554       123.784241    
   33.6373444       123.759033    
   33.6797295       123.735207    
   33.7221146       123.712730    
   33.7644997       123.691536    
   33.8068886       123.671608    
   33.8492737       123.652901    
   33.8916588       123.635353    
   33.9340439       123.618950    
   33.9764328       123.603630    
   34.0188179       123.589348    
   34.0612030       123.576088    
   34.1035919       123.563789    
   34.1459770       123.552406    
   34.1883659       123.541924    
   34.2307510       123.532265    
   34.2731361       123.523392    
   34.3155251       123.515289    
   34.3579102       123.507896    
   34.4002953       123.501167    
   34.4426842       123.495087    
   34.4850693       123.489578    
   34.5274544       123.484627    
   34.5698395       123.480179    
   34.6122284       123.476189    
   34.6546135       123.472626    
   34.6969986       123.469437    
   34.7393837       123.466576    
   34.7817726       123.464027    
   34.8241577       123.461716    
   34.8665428       123.459633    
   34.9089279       123.457703    
   34.9513168       123.455910    
   34.9937019       123.454201    
   35.0360909       123.452545    
   35.0784760       123.450882    
   35.1208649       123.449173    
   35.1632500       123.447403    
   35.2056351       123.445496    
   35.2480240       123.443428    
   35.2904091       123.441154    
   35.3327942       123.438629    
   35.3751793       123.435822    
   35.4175682       123.432678    
   35.4599533       123.429161    
   35.5023384       123.425224    
   35.5447235       123.420845    
   35.5871124       123.415955    
   35.6294975       123.410515    
   35.6718826       123.404503    
   35.7142715       123.397865    
   35.7566566       123.390564    
   35.7990456       123.382553    
   35.8414307       123.373795    
   35.8838196       123.364235    
   35.9262047       123.353851    
   35.9685898       123.342583    
   36.0109749       123.330421    
   36.0533638       123.317329    
   36.0957489       123.303360    
   36.1381340       123.288498    
   36.1805191       123.272774    
   36.2229080       123.256172    
   36.2652931       123.238708    
   36.3076782       123.220406    
   36.3500633       123.201271    
   36.3924522       123.181297    
   36.4348373       123.160515    
   36.4772263       123.138924    
   36.5196114       123.116539    
   36.5620003       123.093369    
   36.6043854       123.069427    
   36.6467705       123.044708    
   36.6891594       123.019249    
   36.7315445       122.993027    
   36.7739296       122.966072    
   36.8163147       122.938400    
   36.8587036       122.910004    
   36.9010887       122.880913    
   36.9434738       122.851112    
   36.9858589       122.820633    
   37.0282478       122.789482    
   37.0706329       122.757660    
   37.1130219       122.725174    
   37.1554070       122.692047    
   37.1977921       122.658295    
   37.2401810       122.623901    
   37.2825661       122.588913    
   37.3249512       122.553299    
   37.3673401       122.517082    
   37.4097252       122.480301    
   37.4521103       122.442940    
   37.4944992       122.405006    
   37.5368843       122.366531    
   37.5792694       122.327484    
   37.6216545       122.287918    
   37.6640434       122.247833    
   37.7064285       122.207214    
   37.7488136       122.166100    
   37.7912025       122.124489    
   37.8335876       122.082390    
   37.8759766       122.039810    
   37.9183617       121.996773    
   37.9607468       121.953285    
   38.0031357       121.909332    
   38.0455208       121.864960    
   38.0879059       121.820168    
   38.1302910       121.774956    
   38.1726799       121.729324    
   38.2150650       121.683304    
   38.2574501       121.636902    
   38.2998390       121.590126    
   38.3422241       121.542969    
   38.3846092       121.495483    
   38.4269943       121.447632    
   38.4693832       121.399445    
   38.5117683       121.350945    
   38.5541573       121.302116    
   38.5965424       121.252983    
   38.6389313       121.203552    
   38.6813164       121.153847    
   38.7237015       121.103867    
   38.7660866       121.053619    
   38.8084755       121.003105    
   38.8508606       120.952354    
   38.8932457       120.901367    
   38.9356308       120.850159    
   38.9780197       120.798759    
   39.0204048       120.747215    
   39.0627899       120.695541    
   39.1051788       120.643806    
   39.1475639       120.592026    
   39.1899490       120.540237    
   39.2323380       120.488472    
   39.2747231       120.436798    
   39.3171120       120.385223    
   39.3594971       120.333778    
   39.4018822       120.282524    
   39.4442711       120.231483    
   39.4866562       120.180710    
   39.5290413       120.130211    
   39.5714264       120.080055    
   39.6138153       120.030258    
   39.6562004       119.980858    
   39.6985855       119.931900    
   39.7409744       119.883415    
   39.7833595       119.835434    
   39.8257446       119.788025    
   39.8681297       119.741188    
   39.9105186       119.694969    
   39.9529037       119.649429    
   39.9952927       119.604568    
   40.0376778       119.560455    
   40.0800667       119.517097    
   40.1224518       119.474556    
   40.1648369       119.432854    
   40.2072220       119.392036    
   40.2496109       119.352135    
   40.2919960       119.313202    
   40.3343811       119.275253    
   40.3767662       119.238327    
   40.4191551       119.202484    
   40.4615402       119.167725    
   40.5039253       119.134117    
   40.5463142       119.101677    
   40.5886993       119.070465    
   40.6310883       119.040489    
   40.6734734       119.011803    
   40.7158585       118.984444    
   40.7582474       118.958443    
   40.8006325       118.933853    
   40.8430176       118.910690    
   40.8854065       118.889000    
   40.9277916       118.868805    
   40.9701767       118.850182    
   41.0125618       118.833115    
   41.0549507       118.817696    
   41.0973358       118.803909    
   41.1397209       118.791832    
   41.1821060       118.781471    
   41.2244949       118.772888    
   41.2668800       118.766106    
   41.3092690       118.761162    
   41.3516541       118.758102    
   41.3940430       118.756950    
   41.4364281       118.757759    
   41.4788132       118.760544    
   41.5212021       118.765366    
   41.5635872       118.772247    
   41.6059723       118.781227    
   41.6483574       118.792336    
   41.6907463       118.805626    
   41.7331314       118.821136    
   41.7755165       118.838875    
   41.8179016       118.858902    
   41.8602905       118.881256    
   41.9026756       118.905968    
   41.9450607       118.933075    
   41.9874496       118.962608    
   42.0298347       118.994598    
   42.0722237       119.029053    
   42.1146088       119.065971    
   42.1569977       119.105362    
   42.1993828       119.147217    
   42.2417679       119.191544    
   42.2841530       119.238358    
   42.3265419       119.287643    
   42.3689270       119.339409    
   42.4113121       119.393677    
   42.4536972       119.450417    
   42.4960861       119.509666    
   42.5384712       119.571419    
   42.5808563       119.635658    
   42.6232414       119.702400    
   42.6656303       119.771667    
   42.7080154       119.843430    
   42.7504044       119.917702    
   42.7927895       119.994492    
   42.8351784       120.073822    
   42.8775635       120.155670    
   42.9199486       120.240028    
   42.9623375       120.326920    
   43.0047226       120.416359    
   43.0471077       120.508324    
   43.0894928       120.602814    
   43.1318817       120.699875    
   43.1742668       120.799484    
   43.2166519       120.901619    
   43.2590370       121.006325    
   43.3014259       121.113586    
   43.3438110       121.223396    
   43.3861961       121.335770    
   43.4285851       121.450714    
   43.4709702       121.568230    
   43.5133591       121.688324    
   43.5557442       121.810982    
   43.5981293       121.936234    
   43.6405182       122.064064    
   43.6829033       122.194466    
   43.7252884       122.327469    
   43.7676773       122.463074    
   43.8100624       122.601257    
   43.8524475       122.742043    
   43.8948326       122.885422    
   43.9372215       123.031433    
   43.9796066       123.180038    
   44.0219917       123.331253    
   44.0643806       123.485092    
   44.1067657       123.641541    
   44.1491547       123.800629    
   44.1915398       123.962318    
   44.2339249       124.126648    
   44.2763138       124.293617    
   44.3186989       124.463211    
   44.3610840       124.635437    
   44.4034729       124.810326    
   44.4458580       124.987831    
   44.4882431       125.168007    
   44.5306282       125.350822    
   44.5730171       125.536308    
   44.6154022       125.724434    
   44.6577873       125.915230    
   44.7001724       126.108681    
   44.7425613       126.304817    
   44.7849464       126.503616    
   44.8273354       126.705101    
   44.8697205       126.909241    
   44.9121094       127.116096    
   44.9544945       127.325607    
   44.9968796       127.537811    
   45.0392647       127.752701    
   45.0816536       127.970306    
   45.1240387       128.190567    
   45.1664238       128.413574    
   45.2088127       128.639282    
   45.2511978       128.867661    
   45.2935829       129.098724    
   45.3359680       129.332397    
   45.3783569       129.568649    
   45.4207420       129.807327    
   45.4631271       130.048447    
   45.5055161       130.291901    
   45.5479012       130.537643    
   45.5902901       130.785645    
   45.6326752       131.035767    
   45.6750603       131.287979    
   45.7174492       131.542236    
   45.7598343       131.798447    
   45.8022194       132.056549    
   45.8446045       132.316498    
   45.8869934       132.578232    
   45.9293785       132.841629    
   45.9717636       133.106689    
   46.0141525       133.373352    
   46.0565376       133.641495    
   46.0989227       133.911087    
   46.1413078       134.182053    
   46.1836967       134.454376    
   46.2260818       134.727936    
   46.2684708       135.002701    
   46.3108559       135.278580    
   46.3532448       135.555527    
   46.3956299       135.833435    
   46.4380150       136.112305    
   46.4804001       136.392044    
   46.5227890       136.672592    
   46.5651741       136.953842    
   46.6075592       137.235779    
   46.6499443       137.518341    
   46.6923332       137.801468    
   46.7347183       138.085052    
   46.7771034       138.369064    
   46.8194923       138.653427    
   46.8618774       138.938065    
   46.9042625       139.222946    
   46.9466515       139.507980    
   46.9890366       139.793091    
   47.0314255       140.078278    
   47.0738106       140.363388    
   47.1161957       140.648407    
   47.1585846       140.933289    
   47.2009697       141.217911    
   47.2433548       141.502243    
   47.2857399       141.786224    
   47.3281288       142.069809    
   47.3705139       142.352890    
   47.4128990       142.635406    
   47.4552841       142.917328    
   47.4976730       143.198593    
   47.5400581       143.479065    
   47.5824471       143.758789    
   47.6248322       144.037598    
   47.6672211       144.315491    
   47.7096062       144.592361    
   47.7519913       144.868179    
   47.7943802       145.142899    
   47.8367653       145.416382    
   47.8791504       145.688614    
   47.9215355       145.959518    
   47.9639244       146.229065    
   48.0063095       146.497131    
   48.0486946       146.763687    
   48.0910797       147.028656    
   48.1334686       147.292007    
   48.1758537       147.553635    
   48.2182388       147.813492    
   48.2606277       148.071533    
   48.3030128       148.327637    
   48.3454018       148.581787    
   48.3877869       148.833908    
   48.4301758       149.083939    
   48.4725609       149.331787    
   48.5149460       149.577423    
   48.5573311       149.820740    
   48.5997200       150.061768    
   48.6421051       150.300339    
   48.6844902       150.536423    
   48.7268753       150.769958    
   48.7692642       151.000916    
   48.8116493       151.229172    
   48.8540344       151.454712    
   48.8964195       151.677536    
   48.9388084       151.897736    
   48.9811935       152.115250    
   49.0235825       152.330200    
   49.0659676       152.542557    
   49.1083565       152.752411    
   49.1507416       152.959702    
   49.1931267       153.164520    
   49.2355156       153.366928    
   49.2779007       153.566895    
   49.3202858       153.764496    
   49.3626709       153.959717    
   49.4050598       154.152664    
   49.4474411       154.343277    
   49.4898300       154.531677    
   49.5322189       154.717865    
   49.5746002       154.901810    
   49.6169891       155.083633    
   49.6593781       155.263336    
   49.7017632       155.440918    
   49.7441483       155.616455    
   49.7865334       155.789932    
   49.8289223       155.961456    
   49.8713112       156.130997    
   49.9136925       156.298569    
   49.9560814       156.464279    
   49.9984703       156.628113    
   50.0408516       156.790085    
   50.0832405       156.950256    
   50.1256294       157.108673    
   50.1680107       157.265305    
   50.2103996       157.420258    
   50.2527809       157.573502    
   50.2951698       157.725113    
   50.3375587       157.875122    
   50.3799438       158.023514    
   50.4223289       158.170349    
   50.4647179       158.315704    
   50.5071030       158.459534    
   50.5494919       158.601929    
   50.5918770       158.742874    
   50.6342621       158.882446    
   50.6766510       159.020660    
   50.7190323       159.157501    
   50.7614212       159.293091    
   50.8038101       159.427399    
   50.8461914       159.560455    
   50.8885803       159.692322    
   50.9309692       159.823013    
   50.9733505       159.952545    
   51.0157394       160.081009    
   51.0581245       160.208374    
   51.1005135       160.334717    
   51.1428986       160.460007    
   51.1852837       160.584351    
   51.2276726       160.707748    
   51.2700577       160.830200    
   51.3124428       160.951782    
   51.3548317       161.072525    
   51.3972206       161.192429    
   51.4396019       161.311539    
   51.4819908       161.429901    
   51.5243721       161.547531    
   51.5667610       161.664474    
   51.6091499       161.780762    
   51.6515312       161.896393    
   51.6939201       162.011459    
   51.7363091       162.125946    
   51.7786942       162.239883    
   51.8210793       162.353333    
   51.8634644       162.466309    
   51.9058533       162.578842    
   51.9482422       162.690994    
   51.9906235       162.802719    
   52.0330124       162.914139    
   52.0754013       163.025238    
   52.1177826       163.136063    
   52.1601715       163.246643    
   52.2025604       163.356995    
   52.2449417       163.467133    
   52.2873306       163.577164    
   52.3297119       163.687057    
   52.3721008       163.796860    
   52.4144897       163.906616    
   52.4568748       164.016357    
   52.4992599       164.126068    
   52.5416489       164.235855    
   52.5840340       164.345688    
   52.6264229       164.455627    
   52.6688042       164.565704    
   52.7111931       164.675949    
   52.7535820       164.786407    
   52.7959633       164.897034    
   52.8383522       165.007980    
   52.8807411       165.119217    
   52.9231224       165.230759    
   52.9655113       165.342667    
   53.0079002       165.454956    
   53.0502815       165.567612    
   53.0926704       165.680634    
   53.1350555       165.793915    
   53.1774406       165.907410    
   53.2198296       166.021088    
   53.2622147       166.134842    
   53.3046036       166.248657    
   53.3469887       166.362411    
   53.3893738       166.476120    
   53.4317627       166.589722    
   53.4741440       166.703094    
   53.5165329       166.816238    
   53.5589218       166.929108    
   53.6013031       167.041595    
   53.6436920       167.153656    
   53.6860809       167.265259    
   53.7284622       167.376297    
   53.7708511       167.486755    
   53.8132401       167.596588    
   53.8556213       167.705658    
   53.8980103       167.814011    
   53.9403954       167.921539    
   53.9827843       168.028183    
   54.0251694       168.133865    
   54.0675545       168.238571    
   54.1099434       168.342224    
   54.1523323       168.444794    
   54.1947136       168.546127    
   54.2371025       168.646286    
   54.2794838       168.745148    
   54.3218727       168.842667    
   54.3642616       168.938797    
   54.4066429       169.033447    
   54.4490318       169.126602    
   54.4914207       169.218170    
   54.5338058       169.308121    
   54.5761909       169.396393    
   54.6185799       169.482895    
   54.6609650       169.567596    
   54.7033539       169.650467    
   54.7457352       169.731384    
   54.7881241       169.810349    
   54.8305130       169.887268    
   54.8728943       169.962082    
   54.9152832       170.034760    
   54.9576721       170.105225    
   55.0000534       170.173431    
   55.0424423       170.239319    
   55.0848236       170.302811    
   55.1272125       170.363892    
   55.1696014       170.422485    
   55.2119865       170.478500    
   55.2543716       170.531891    
   55.2967606       170.582642    
   55.3391457       170.630646    
   55.3815346       170.675888    
   55.4239197       170.718262    
   55.4663048       170.757751    
   55.5086937       170.794281    
   55.5510750       170.827805    
   55.5934639       170.858246    
   55.6358528       170.885559    
   55.6782341       170.909683    
   55.7206230       170.930573    
   55.7630119       170.948135    
   55.8053932       170.962357    
   55.8477821       170.973175    
   55.8901672       170.980469    
   55.9325523       170.984283    
   55.9749413       170.984467    
   56.0173264       170.981018    
   56.0597153       170.973862    
   56.1021004       170.962936    
   56.1444855       170.948196    
   56.1868744       170.929565    
   56.2292633       170.906998    
   56.2716446       170.880447    
   56.3140335       170.849823    
   56.3564148       170.815125    
   56.3988037       170.776230    
   56.4411926       170.733109    
   56.4835739       170.685715    
   56.5259628       170.633972    
   56.5683517       170.577835    
   56.6107330       170.517242    
   56.6531219       170.452118    
   56.6955070       170.382446    
   56.7378960       170.308121    
   56.7802811       170.229126    
   56.8226662       170.145370    
   56.8650551       170.056839    
   56.9074440       169.963409    
   56.9498253       169.865112    
   56.9922142       169.761795    
   57.0346031       169.653458    
   57.0769844       169.540039    
   57.1193733       169.421463    
   57.1617546       169.297684    
   57.2041435       169.168610    
   57.2465324       169.034241    
   57.2889137       168.894516    
   57.3313026       168.749313    
   57.3736916       168.598694    
   57.4160767       168.442780    
   57.4584618       168.281616    
   57.5008469       168.115372    
   57.5432358       167.944107    
   57.5856247       167.767944    
   57.6280060       167.587036    
   57.6703949       167.401428    
   57.7127838       167.211258    
   57.7551651       167.016663    
   57.7975540       166.817688    
   57.8399429       166.614471    
   57.8823242       166.407166    
   57.9247131       166.195816    
   57.9670982       165.980545    
   58.0094833       165.761490    
   58.0518723       165.538696    
   58.0942574       165.312363    
   58.1366463       165.082520    
   58.1790314       164.849319    
   58.2214165       164.612869    
   58.2638054       164.373260    
   58.3061867       164.130630    
   58.3485756       163.885040    
   58.3909645       163.636597    
   58.4333458       163.385513    
   58.4757347       163.131744    
   58.5181236       162.875488    
   58.5605049       162.616898    
   58.6028938       162.355957    
   58.6452827       162.092850    
   58.6876640       161.827728    
   58.7300529       161.560593    
   58.7724380       161.291641    
   58.8148270       161.020935    
   58.8572121       160.748581    
   58.8995972       160.474747    
   58.9419861       160.199478    
   58.9843750       159.922867    
   59.0267563       159.645126    
   59.0691452       159.366257    
   59.1115341       159.086380    
   59.1539154       158.805710    
   59.1963043       158.524216    
   59.2386856       158.242111    
   59.2810745       157.959427    
   59.3234634       157.676285    
   59.3658447       157.392883    
   59.4082336       157.109192    
   59.4506226       156.825409    
   59.4930077       156.541641    
   59.5353928       156.257980    
   59.5777779       155.974533    
   59.6201668       155.691376    
   59.6625557       155.408661    
   59.7049370       155.126541    
   59.7473259       154.845001    
   59.7897148       154.564255    
   59.8320961       154.284378    
   59.8744850       154.005463    
   59.9168739       153.727615    
   59.9592552       153.451004    
   60.0016441       153.175644    
   60.0440254       152.901749    
   60.0864143       152.629333    
   60.1288033       152.358536    
   60.1711884       152.089493    
   60.2135735       151.822311    
   60.2559624       151.557022    
   60.2983475       151.293839    
   60.3407364       151.032791    
   60.3831177       150.774078    
   60.4255066       150.517715    
   60.4678955       150.263824    
   60.5102768       150.012604    
   60.5526657       149.764038    
   60.5950546       149.518295    
   60.6374359       149.275528    
   60.6798248       149.035751    
   60.7222137       148.799133    
   60.7645950       148.565796    
   60.8069839       148.335800    
   60.8493690       148.109283    
   60.8917542       147.886353    
   60.9341431       147.667099    
   60.9765282       147.451645    
   61.0189171       147.240082    
   61.0613022       147.032562    
   61.1036873       146.829163    
   61.1460762       146.629990    
   61.1884575       146.435181    
   61.2308464       146.244781    
   61.2732353       146.058960    
   61.3156166       145.877823    
   61.3580055       145.701416    
   61.4003944       145.529922    
   61.4427757       145.363434    
   61.4851646       145.202042    
   61.5275536       145.045822    
   61.5699387       144.894958    
   61.6123238       144.749527    
   61.6547089       144.609619    
   61.6970978       144.475342    
   61.7394867       144.346832    
   61.7818680       144.224197    
   61.8242569       144.107513    
   61.8666458       143.996902    
   61.9090271       143.892502    
   61.9514160       143.794357    
   61.9937973       143.702423    
   62.0361862       143.616653    
   62.0785751       143.537003    
   62.1209564       143.463455    
   62.1633453       143.395920    
   62.2057343       143.334351    
   62.2481194       143.278687    
   62.2905045       143.228943    
   62.3328934       143.185028    
   62.3752785       143.146851    
   62.4176674       143.114426    
   62.4600487       143.087677    
   62.5024376       143.066559    
   62.5448265       143.051025    
   62.5872078       143.041016    
   62.6295967       143.036499    
   62.6719856       143.037384    
   62.7143669       143.043686    
   62.7567558       143.055313    
   62.7991371       143.072205    
   62.8415260       143.094345    
   62.8839149       143.121674    
   62.9263000       143.154129    
   62.9686852       143.191681    
   63.0110741       143.234283    
   63.0534592       143.281845    
   63.0958481       143.334366    
   63.1382332       143.391754    
   63.1806183       143.453995    
   63.2230072       143.521042    
   63.2653885       143.592789    
   63.3077774       143.669266    
   63.3501663       143.750381    
   63.3925476       143.836075    
   63.4349365       143.926315    
   63.4773254       144.021042    
   63.5197067       144.120209    
   63.5620956       144.223801    
   63.6044807       144.331711    
   63.6468658       144.443939    
   63.6892548       144.560410    
   63.7316399       144.681076    
   63.7740288       144.805878    
   63.8164139       144.934784    
   63.8587990       145.067734    
   63.9011879       145.204712    
   63.9435768       145.345642    
   63.9859581       145.490417    
   64.0283508       145.639114    
   64.0707321       145.791565    
   64.1131210       145.947784    
   64.1555099       146.107712    
   64.1978912       146.271271    
   64.2402802       146.438477    
   64.2826691       146.609238    
   64.3250504       146.783447    
   64.3674393       146.961166    
   64.4098206       147.142242    
   64.4522095       147.326736    
   64.4945984       147.514526    
   64.5369797       147.705551    
   64.5793686       147.899811    
   64.6217575       148.097214    
   64.6641388       148.297714    
   64.7065277       148.501312    
   64.7489166       148.707916    
   64.7912979       148.917465    
   64.8336868       149.129929    
   64.8760681       149.345245    
   64.9184570       149.563400    
   64.9608459       149.784332    
   65.0032349       150.007996    
   65.0456161       150.234268    
   65.0880051       150.463196    
   65.1303940       150.694687    
   65.1727829       150.928711    
   65.2151642       151.165161    
   65.2575531       151.404083    
   65.2999420       151.645340    
   65.3423233       151.888916    
   65.3847122       152.134781    
   65.4271011       152.382874    
   65.4694824       152.633102    
   65.5118713       152.885498    
   65.5542603       153.139969    
   65.5966415       153.396423    
   65.6390305       153.654877    
   65.6814117       153.915237    
   65.7238007       154.177505    
   65.7661896       154.441605    
   65.8085709       154.707443    
   65.8509598       154.975037    
   65.8933487       155.244324    
   65.9357300       155.515198    
   65.9781189       155.787689    
   66.0205002       156.061676    
   66.0628891       156.337173    
   66.1052780       156.614136    
   66.1476593       156.892410    
   66.1900482       157.172058    
   66.2324371       157.453018    
   66.2748184       157.735153    
   66.3172073       158.018524    
   66.3595963       158.303009    
   66.4019775       158.588562    
   66.4443665       158.875198    
   66.4867554       159.162796    
   66.5291443       159.451340    
   66.5715332       159.740799    
   66.6139145       160.031036    
   66.6563034       160.322113    
   66.6986923       160.613922    
   66.7410736       160.906357    
   66.7834625       161.199539    
   66.8258438       161.493225    
   66.8682327       161.787491    
   66.9106216       162.082275    
   66.9530029       162.377457    
   66.9953918       162.673080    
   67.0377808       162.969055    
   67.0801620       163.265259    
   67.1225510       163.561783    
   67.1649399       163.858490    
   67.2073212       164.155304    
   67.2497101       164.452286    
   67.2920914       164.749283    
   67.3344803       165.046402    
   67.3768692       165.343582    
   67.4192505       165.640686    
   67.4616394       165.937820    
   67.5040283       166.234924    
   67.5464172       166.531937    
   67.5887985       166.828812    
   67.6311874       167.125610    
   67.6735764       167.422226    
   67.7159653       167.718658    
   67.7583466       168.014832    
   67.8007355       168.310806    
   67.8431244       168.606537    
   67.8855057       168.901901    
   67.9278946       169.196991    
   67.9702835       169.491760    
   68.0126648       169.786041    
   68.0550537       170.080032    
   68.0974350       170.373505    
   68.1398239       170.666565    
   68.1822128       170.959167    
   68.2245941       171.251160    
   68.2669830       171.542694    
   68.3093719       171.833649    
   68.3517532       172.123962    
   68.3941422       172.413666    
   68.4365311       172.702759    
   68.4789124       172.991119    
   68.5213013       173.278809    
   68.5636826       173.565689    
   68.6060715       173.851898    
   68.6484604       174.137299    
   68.6908417       174.421844    
   68.7332306       174.705582    
   68.7756195       174.988464    
   68.8180008       175.270370    
   68.8603897       175.551422    
   68.9027786       175.831497    
   68.9451675       176.110626    
   68.9875488       176.388672    
   69.0299377       176.665741    
   69.0723267       176.941727    
   69.1147156       177.216629    
   69.1570969       177.490387    
   69.1994858       177.763016    
   69.2418747       178.034500    
   69.2842560       178.304718    
   69.3266449       178.573746    
   69.3690262       178.841492    
   69.4114151       179.107971    
   69.4538040       179.373169    
   69.4961853       179.636978    
   69.5385742       179.899460    
   69.5809631       180.160553    
   69.6233444       180.420181    
   69.6657333       180.678391    
   69.7081146       180.935104    
   69.7505035       181.190338    
   69.7928925       181.444046    
   69.8352737       181.696167    
   69.8776627       181.946732    
   69.9200516       182.195679    
   69.9624329       182.442963    
   70.0048218       182.688599    
   70.0472107       182.932571    
   70.0895920       183.174759    
   70.1319809       183.415222    
   70.1743622       183.653900    
   70.2167511       183.890793    
   70.2591400       184.125870    
   70.3015289       184.359085    
   70.3439102       184.590347    
   70.3862991       184.819748    
   70.4286880       185.047211    
   70.4710770       185.272720    
   70.5134583       185.496170    
   70.5558472       185.717651    
   70.5982361       185.937073    
   70.6406174       186.154373    
   70.6830063       186.369614    
   70.7253952       186.582703    
   70.7677765       186.793594    
   70.8101654       187.002365    
   70.8525543       187.208908    
   70.8949356       187.413147    
   70.9373245       187.615189    
   70.9797058       187.814865    
   71.0220947       188.012253    
   71.0644836       188.207291    
   71.1068649       188.399933    
   71.1492538       188.590164    
   71.1916428       188.778000    
   71.2340240       188.963318    
   71.2764130       189.146179    
   71.3187943       189.326492    
   71.3611832       189.504288    
   71.4035721       189.679504    
   71.4459534       189.852112    
   71.4883423       190.022125    
   71.5307312       190.189438    
   71.5731125       190.354080    
   71.6155014       190.516022    
   71.6578903       190.675232    
   71.7002792       190.831696    
   71.7426605       190.985306    
   71.7850494       191.136154    
   71.8274384       191.284134    
   71.8698196       191.429230    
   71.9122086       191.571426    
   71.9545975       191.710709    
   71.9969864       191.847015    
   72.0393677       191.980362    
   72.0817566       192.110657    
   72.1241379       192.237930    
   72.1665268       192.362152    
   72.2089157       192.483292    
   72.2512970       192.601257    
   72.2936859       192.716125    
   72.3360748       192.827805    
   72.3784561       192.936264    
   72.4208450       193.041489    
   72.4632339       193.143478    
   72.5056152       193.242157    
   72.5480042       193.337555    
   72.5903854       193.429550    
   72.6327744       193.518234    
   72.6751633       193.603516    
   72.7175446       193.685349    
   72.7599335       193.763748    
   72.8023224       193.838684    
   72.8447037       193.910080    
   72.8870926       193.977982    
   72.9294739       194.042282    
   72.9718628       194.103027    
   73.0142517       194.160156    
   73.0566406       194.213623    
   73.0990219       194.263412    
   73.1414108       194.309586    
   73.1837997       194.352112    
   73.2261887       194.391113    
   73.2685699       194.426605    
   73.3109589       194.458649    
   73.3533478       194.487350    
   73.3957291       194.512711    
   73.4381180       194.534821    
   73.4805069       194.553711    
   73.5228882       194.569458    
   73.5652771       194.582092    
   73.6076660       194.591690    
   73.6500473       194.598312    
   73.6924362       194.602036    
   73.7348175       194.602844    
   73.7772064       194.600891    
   73.8195953       194.596161    
   73.8619766       194.588730    
   73.9043655       194.578674    
   73.9467545       194.566025    
   73.9891357       194.550842    
   74.0315247       194.533203    
   74.0739136       194.513168    
   74.1162949       194.490753    
   74.1586838       194.466049    
   74.2010651       194.439102    
   74.2434540       194.409973    
   74.2858429       194.378708    
   74.3282242       194.345383    
   74.3706131       194.310028    
   74.4130020       194.272705    
   74.4553833       194.233521    
   74.4977722       194.192459    
   74.5401611       194.149628    
   74.5825500       194.105057    
   74.6249313       194.058823    
   74.6673203       194.010971    
   74.7097092       193.961548    
   74.7520981       193.910629    
   74.7944794       193.858261    
   74.8368683       193.804520    
   74.8792572       193.749435    
   74.9216385       193.693085    
   74.9640274       193.635498    
   75.0064087       193.576767    
   75.0487976       193.516937    
   75.0911865       193.456024    
   75.1335678       193.394150    
   75.1759567       193.331329    
   75.2183456       193.267624    
   75.2607269       193.203125    
   75.3031158       193.137833    
   75.3454971       193.071854    
   75.3878860       193.005219    
   75.4302750       192.937988    
   75.4726562       192.870224    
   75.5150452       192.801971    
   75.5574341       192.733307    
   75.5998154       192.664276    
   75.6422043       192.594925    
   75.6845932       192.525330    
   75.7269745       192.455536    
   75.7693634       192.385605    
   75.8117523       192.315582    
   75.8541336       192.245560    
   75.8965225       192.175552    
   75.9389114       192.105652    
   75.9813004       192.035858    
   76.0236816       191.966324    
   76.0660706       191.896988    
   76.1084595       191.827988    
   76.1508408       191.759399    
   76.1932297       191.691208    
   76.2356186       191.623489    
   76.2779999       191.556366    
   76.3203888       191.489792    
   76.3627777       191.423874    
   76.4051590       191.358719    
   76.4475479       191.294296    
   76.4899368       191.230698    
   76.5323181       191.168015    
   76.5747070       191.106247    
   76.6170883       191.045486    
   76.6594772       190.985779    
   76.7018661       190.927170    
   76.7442474       190.869751    
   76.7866364       190.813553    
   76.8290253       190.758636    
   76.8714066       190.705063    
   76.9137955       190.652878    
   76.9561844       190.602142    
   76.9985657       190.552917    
   77.0409546       190.505264    
   77.0833359       190.459259    
   77.1257248       190.414902    
   77.1681137       190.372299    
   77.2104950       190.331482    
   77.2528839       190.292511    
   77.2952728       190.255447    
   77.3376617       190.220352    
   77.3800430       190.187302    
   77.4224319       190.156296    
   77.4648209       190.127426    
   77.5072098       190.100784    
   77.5495911       190.076355    
   77.5919800       190.054230    
   77.6343689       190.034500    
   77.6767502       190.017166    
   77.7191391       190.002304    
   77.7615280       189.989990    
   77.8039093       189.980270    
   77.8462982       189.973175    
   77.8886795       189.968796    
   77.9310684       189.967178    
   77.9734573       189.968384    
   78.0158386       189.972443    
   78.0582275       189.979477    
   78.1006165       189.989441    
   78.1429977       190.002472    
   78.1853867       190.018631    
   78.2277679       190.037903    
   78.2701569       190.060440    
   78.3125458       190.086227    
   78.3549271       190.115341    
   78.3973160       190.147827    
   78.4397049       190.183777    
   78.4820862       190.223221    
   78.5244751       190.266205    
   78.5668640       190.312820    
   78.6092453       190.363098    
   78.6516342       190.417099    
   78.6940231       190.474884    
   78.7364120       190.536530    
   78.7787933       190.602036    
   78.8211823       190.671539    
   78.8635712       190.745041    
   78.9059525       190.822571    
   78.9483414       190.904282    
   78.9907303       190.990158    
   79.0331116       191.080261    
   79.0755005       191.174652    
   79.1178894       191.273407    
   79.1602707       191.376572    
   79.2026596       191.484192    
   79.2450485       191.596344    
   79.2874298       191.712708    
   79.3298187       191.831573    
   79.3722076       191.950974    
   79.4145889       192.068771    
   79.4569778       192.183838    
   79.4993591       192.296036    
   79.5417480       192.405441    
   79.5841370       192.512039    
   79.6265182       192.615845    
   79.6689072       192.716904    
   79.7112961       192.815262    
   79.7536774       192.910873    
   79.7960663       193.003845    
   79.8384476       193.094131    
   79.8808365       193.181808    
   79.9232254       193.266876    
   79.9656067       193.349350    
   80.0079956       193.429276    
   80.0503845       193.506683    
   80.0927734       193.581543    
   80.1351547       193.653915    
   80.1775436       193.723846    
   80.2199326       193.791336    
   80.2623215       193.856430    
   80.3047028       193.919098    
   80.3470917       193.979416    
   80.3894806       194.037384    
   80.4318619       194.093018    
   80.4742508       194.146362    
   80.5166397       194.197479    
   80.5590210       194.246292    
   80.6014099       194.292923    
   80.6437912       194.337341    
   80.6861801       194.379578    
   80.7285690       194.419647    
   80.7709503       194.457611    
   80.8133392       194.493454    
   80.8557281       194.527252    
   80.8981094       194.558960    
   80.9404984       194.588669    
   80.9828873       194.616348    
   81.0252686       194.642029    
   81.0676575       194.665771    
   81.1100388       194.687576    
   81.1524277       194.707474    
   81.1948166       194.725494    
   81.2371979       194.741623    
   81.2795868       194.755920    
   81.3219757       194.768417    
   81.3643570       194.779129    
   81.4067459       194.788040    
   81.4491348       194.795212    
   81.4915161       194.800690    
   81.5339050       194.804474    
   81.5762939       194.806564    
   81.6186829       194.806992    
   81.6610641       194.805817    
   81.7034531       194.803055    
   81.7458420       194.798706    
   81.7882309       194.792801    
   81.8306122       194.785385    
   81.8730011       194.776443    
   81.9153824       194.766037    
   81.9577713       194.754150    
   82.0001602       194.740860    
   82.0425415       194.726151    
   82.0849304       194.710068    
   82.1273193       194.692612    
   82.1697006       194.673828    
   82.2120895       194.653717    
   82.2544708       194.632339    
   82.2968597       194.609680    
   82.3392487       194.585815    
   82.3816299       194.560684    
   82.4240189       194.534393    
   82.4664078       194.506927    
   82.5087891       194.478317    
   82.5511780       194.448578    
   82.5935669       194.417755    
   82.6359482       194.385864    
   82.6783371       194.352905    
   82.7207184       194.318939    
   82.7631073       194.283966    
   82.8054962       194.248016    
   82.8478851       194.211105    
   82.8902664       194.173294    
   82.9326553       194.134552    
   82.9750443       194.094955    
   83.0174332       194.054459    
   83.0598145       194.013168    
   83.1022034       193.971054    
   83.1445923       193.928162    
   83.1869736       193.884506    
   83.2293625       193.840103    
   83.2717514       193.795013    
   83.3141327       193.749237    
   83.3565216       193.702774    
   83.3989105       193.655655    
   83.4412918       193.607971    
   83.4836807       193.559662    
   83.5260620       193.510803    
   83.5684509       193.461365    
   83.6108398       193.411438    
   83.6532211       193.360992    
   83.6956100       193.310104    
   83.7379990       193.258728    
   83.7803802       193.206970    
   83.8227692       193.154770    
   83.8651505       193.102219    
   83.9075394       193.049316    
   83.9499283       192.996078    
   83.9923096       192.942535    
   84.0346985       192.888718    
   84.0770874       192.834625    
   84.1194687       192.780319    
   84.1618576       192.725800    
   84.2042465       192.671097    
   84.2466278       192.616226    
   84.2890167       192.561234    
   84.3314056       192.506104    
   84.3737946       192.450897    
   84.4161758       192.395645    
   84.4585648       192.340317    
   84.5009537       192.284988    
   84.5433426       192.229660    
   84.5857239       192.174393    
   84.6281128       192.119141    
   84.6704941       192.064011    
   84.7128830       192.008957    
   84.7552719       191.954041    
   84.7976532       191.899261    
   84.8400421       191.844650    
   84.8824310       191.790268    
   84.9248123       191.736084    
   84.9672012       191.682159    
   85.0095901       191.628494    
   85.0519714       191.575134    
   85.0943604       191.522095    
   85.1367416       191.469391    
   85.1791306       191.417053    
   85.2215195       191.365112    
   85.2639008       191.313583    
   85.3062897       191.262497    
   85.3486786       191.211853    
   85.3910599       191.161743    
   85.4334488       191.112091    
   85.4758377       191.063019    
   85.5182190       191.014481    
   85.5606079       190.966537    
   85.6029968       190.919189    
   85.6453781       190.872467    
   85.6877670       190.826416    
   85.7301559       190.781021    
   85.7725449       190.736359    
   85.8149261       190.692398    
   85.8573151       190.649185    
   85.8997040       190.606766    
   85.9420853       190.565140    
   85.9844742       190.524338    
   86.0268631       190.484375    
   86.0692444       190.445297    
   86.1116333       190.407089    
   86.1540222       190.369827    
   86.1964035       190.333496    
   86.2387924       190.298111    
   86.2811813       190.263672    
   86.3235626       190.230194    
   86.3659515       190.197617    
   86.4083328       190.165985    
   86.4507217       190.135284    
   86.4931107       190.105469    
   86.5354919       190.076553    
   86.5778809       190.048553    
   86.6202698       190.021393    
   86.6626511       189.995148    
   86.7050400       189.969772    
   86.7474213       189.945251    
   86.7898102       189.921585    
   86.8321991       189.898773    
   86.8745804       189.876785    
   86.9169693       189.855621    
   86.9593582       189.835312    
   87.0017395       189.815796    
   87.0441284       189.797089    
   87.0865173       189.779190    
   87.1289062       189.762070    
   87.1712875       189.745758    
   87.2136765       189.730209    
   87.2560654       189.715439    
   87.2984543       189.701416    
   87.3408356       189.688171    
   87.3832245       189.675629    
   87.4256134       189.663864    
   87.4679947       189.652817    
   87.5103836       189.642502    
   87.5527649       189.632904    
   87.5951538       189.623978    
   87.6375427       189.615768    
   87.6799240       189.608276    
   87.7223129       189.601456    
   87.7647018       189.595306    
   87.8070831       189.589828    
   87.8494720       189.585007    
   87.8918610       189.580826    
   87.9342422       189.577316    
   87.9766312       189.574432    
   88.0190125       189.572189    
   88.0614014       189.570572    
   88.1037903       189.569550    
   88.1461716       189.569138    
   88.1885605       189.569321    
   88.2309494       189.570099    
   88.2733307       189.571472    
   88.3157196       189.573425    
   88.3581009       189.575928    
   88.4004898       189.578995    
   88.4428787       189.582626    
   88.4852676       189.586807    
   88.5276489       189.591507    
   88.5700378       189.596741    
   88.6124268       189.602478    
   88.6548157       189.608765    
   88.6971970       189.615555    
   88.7395859       189.622803    
   88.7819748       189.630585    
   88.8243561       189.638840    
   88.8667450       189.647552    
   88.9091339       189.656769    
   88.9515152       189.666397    
   88.9939041       189.676514    
   89.0362930       189.687057    
   89.0786743       189.698044    
   89.1210632       189.709473    
   89.1634445       189.721313    
   89.2058334       189.733536    
   89.2482224       189.746216    
   89.2906036       189.759262    
   89.3329926       189.772705    
   89.3753815       189.786530    
   89.4177628       189.800720    
   89.4601517       189.815308    
   89.5025406       189.830231    
   89.5449219       189.845490    
   89.5873108       189.861115    
   89.6296921       189.877090    
   89.6720810       189.893356    
   89.7144699       189.909973    
   89.7568512       189.926880    
   89.7992401       189.944122    
   89.8416290       189.961639    
   89.8840179       189.979462    
   89.9263992       189.997559    
   89.9687881       190.015930    
   90.0111771       190.034561    
   90.0535660       190.053467    
   90.0959473       190.072586    
   90.1383362       190.091995    
   90.1807251       190.111603    
   90.2231064       190.131454    
   90.2654953       190.151535    
   90.3078842       190.171799    
   90.3502655       190.192307    
   90.3926544       190.212982    
   90.4350357       190.233856    
   90.4774246       190.254929    
   90.5198135       190.276138    
   90.5621948       190.297546    
   90.6045837       190.319077    
   90.6469727       190.340790    
   90.6893539       190.362625    
   90.7317429       190.384613    
   90.7741241       190.406723    
   90.8165131       190.428940    
   90.8589020       190.451294    
   90.9012833       190.473724    
   90.9436722       190.496262    
   90.9860611       190.518906    
   91.0284424       190.541595    
   91.0708313       190.564392    
   91.1132202       190.587234    
   91.1556015       190.610123    
   91.1979904       190.633087    
   91.2403793       190.656067    
   91.2827606       190.679108    
   91.3251495       190.702164    
   91.3675385       190.725235    
   91.4099274       190.748337    
   91.4523087       190.771408    
   91.4946976       190.794510    
   91.5370865       190.817581    
   91.5794678       190.840622    
   91.6218567       190.863647    
   91.6642456       190.886627    
   91.7066269       190.909592    
   91.7490158       190.932465    
   91.7914047       190.955322    
   91.8337860       190.978088    
   91.8761749       191.000778    
   91.9185638       191.023392    
   91.9609451       191.045914    
   92.0033340       191.068359    
   92.0457153       191.090668    
   92.0881042       191.112885    
   92.1304932       191.134979    
   92.1728745       191.156937    
   92.2152634       191.178772    
   92.2576523       191.200455    
   92.3000336       191.221970    
   92.3424225       191.243347    
   92.3848038       191.264542    
   92.4271927       191.285583    
   92.4695816       191.306412    
   92.5119629       191.327087    
   92.5543518       191.347549    
   92.5967407       191.367798    
   92.6391296       191.387833    
   92.6815109       191.407669    
   92.7238998       191.427246    
   92.7662888       191.446609    
   92.8086777       191.465729    
   92.8510590       191.484573    
   92.8934479       191.503159    
   92.9358368       191.521500    
   92.9782181       191.539551    
   93.0206070       191.557327    
   93.0629959       191.574814    
   93.1053772       191.591995    
   93.1477661       191.608856    
   93.1901474       191.625427    
   93.2325363       191.641678    
   93.2749252       191.657593    
   93.3173065       191.673172    
   93.3596954       191.688400    
   93.4020844       191.703278    
   93.4444656       191.717789    
   93.4868546       191.731934    
   93.5292435       191.745712    
   93.5716248       191.759094    
   93.6140137       191.772079    
   93.6563950       191.784698    
   93.6987839       191.796890    
   93.7411728       191.808670    
   93.7835541       191.820007    
   93.8259430       191.830963    
   93.8683319       191.841476    
   93.9107132       191.851578    
   93.9531021       191.861282    
   93.9954910       191.870575    
   94.0378723       191.879471    
   94.0802612       191.887939    
   94.1226501       191.896011    
   94.1650391       191.903717    
   94.2074203       191.911011    
   94.2498093       191.917892    
   94.2921982       191.924408    
   94.3345871       191.930542    
   94.3769684       191.936279    
   94.4193573       191.941620    
   94.4617386       191.946609    
   94.5041275       191.951218    
   94.5465164       191.955444    
   94.5888977       191.959305    
   94.6312866       191.962799    
   94.6736755       191.965927    
   94.7160568       191.968689    
   94.7584457       191.971100    
   94.8008347       191.973145    
   94.8432159       191.974838    
   94.8856049       191.976181    
   94.9279861       191.977188    
   94.9703751       191.977814    
   95.0127640       191.978134    
   95.0551453       191.978104    
   95.0975342       191.977722    
   95.1399231       191.977020    
   95.1823044       191.975983    
   95.2246933       191.974625    
   95.2670746       191.972931    
   95.3094635       191.970901    
   95.3518524       191.968567    
   95.3942337       191.965881    
   95.4366226       191.962921    
   95.4790115       191.959641    
   95.5214005       191.956039    
   95.5637817       191.952118    
   95.6061707       191.947906    
   95.6485596       191.943390    
   95.6909485       191.938583    
   95.7333298       191.933456    
   95.7757187       191.928055    
   95.8181076       191.922348    
   95.8604889       191.916351    
   95.9028778       191.910095    
   95.9452667       191.903519    
   95.9876480       191.896698    
   96.0300369       191.889572    
   96.0724182       191.882187    
   96.1148071       191.874527    
   96.1571884       191.866562    
   96.1995773       191.858368    
   96.2419662       191.849884    
   96.2843552       191.841171    
   96.3267441       191.832153    
   96.3691177       191.822922    
   96.4115067       191.813416    
   96.4538956       191.803650    
   96.4962845       191.793640    
   96.5386734       191.783401    
   96.5810623       191.772919    
   96.6234360       191.762192    
   96.6658249       191.751205    
   96.7082138       191.739990    
   96.7506027       191.728546    
   96.7929916       191.716904    
   96.8353729       191.705002    
   96.8777618       191.692902    
   96.9201508       191.680557    
   96.9625320       191.667984    
   97.0049210       191.655228    
   97.0473022       191.642227    
   97.0896912       191.629028    
   97.1320801       191.615616    
   97.1744690       191.602020    
   97.2168579       191.588196    
   97.2592468       191.574173    
   97.3016205       191.559967    
   97.3440094       191.545547    
   97.3863983       191.530960    
   97.4287872       191.516174    
   97.4711761       191.501190    
   97.5135498       191.486023    
   97.5559387       191.470703    
   97.5983276       191.455185    
   97.6407166       191.439484    
   97.6831055       191.423615    
   97.7254944       191.407562    
   97.7678680       191.391388    
   97.8102570       191.375015    
   97.8526459       191.358475    
   97.8950348       191.341782    
   97.9374237       191.324921    
   97.9797974       191.307953    
   98.0221863       191.290787    
   98.0645752       191.273483    
   98.1069641       191.256027    
   98.1493530       191.238449    
   98.1917419       191.220703    
   98.2341232       191.202850    
   98.2765121       191.184830    
   98.3188934       191.166702    
   98.3612823       191.148438    
   98.4036713       191.130035    
   98.4460526       191.111526    
   98.4884415       191.092880    
   98.5308304       191.074112    
   98.5732193       191.055252    
   98.6156082       191.036255    
   98.6579895       191.017166    
   98.7003708       190.997955    
   98.7427597       190.978638    
   98.7851486       190.959229    
   98.8275375       190.939728    
   98.8699265       190.920105    
   98.9123001       190.900406    
   98.9546890       190.880600    
   98.9970779       190.860733    
   99.0394669       190.840759    
   99.0818558       190.820694    
   99.1242294       190.800552    
   99.1666183       190.780334    
   99.2090073       190.760056    
   99.2513962       190.739685    
   99.2937851       190.719238    
   99.3361740       190.698730    
   99.3785477       190.678177    
   99.4209366       190.657547    
   99.4633255       190.636856    
   99.5057144       190.616104    
   99.5481033       190.595306    
   99.5904846       190.574463    
   99.6328735       190.553574    
   99.6752625       190.532593    
   99.7176437       190.511612    
   99.7600327       190.490601    
   99.8024216       190.469513    
   99.8448029       190.448410    
   99.8871918       190.427292    
   99.9295807       190.406113    
   99.9719696       190.384918    
   100.014351       190.363708    
   100.056732       190.342484    
   100.099121       190.321228    
   100.141510       190.299942    
   100.183899       190.278671    
   100.226288       190.257355    
   100.268677       190.236053    
   100.311050       190.214752    
   100.353439       190.193451    
   100.395828       190.172119    
   100.438217       190.150818    
   100.480606       190.129517    
   100.522980       190.108215    
   100.565369       190.086929    
   100.607758       190.065659    
   100.650146       190.044418    
   100.692535       190.023163    
   100.734909       190.001953    
   100.777298       189.980774    
   100.819687       189.959610    
   100.862076       189.938461    
   100.904465       189.917374    
   100.946854       189.896301    
   100.989235       189.875259    
   101.031624       189.854294    
   101.074005       189.833359    
   101.116394       189.812454    
   101.158783       189.791595    
   101.201164       189.770798    
   101.243553       189.750046    
   101.285942       189.729355    
   101.328331       189.708740    
   101.370720       189.688171    
   101.413101       189.667679    
   101.455482       189.647232    
   101.497871       189.626877    
   101.540260       189.606583    
   101.582649       189.586380    
   101.625038       189.566223    
   101.667412       189.546188    
   101.709801       189.526215    
   101.752190       189.506332    
   101.794579       189.486526    
   101.836967       189.466843    
   101.879356       189.447220    
   101.921730       189.427719    
   101.964119       189.408310    
   102.006508       189.389008    
   102.048897       189.369781    
   102.091286       189.350693    
   102.133659       189.331726    
   102.176048       189.312836    
   102.218437       189.294083    
   102.260826       189.275436    
   102.303215       189.256897    
   102.345596       189.238495    
   102.387985       189.220200    
   102.430367       189.202042    
   102.472755       189.183990    
   102.515144       189.166046    
   102.557533       189.148254    
   102.599915       189.130569    
   102.642303       189.113022    
   102.684692       189.095581    
   102.727081       189.078308    
   102.769463       189.061157    
   102.811844       189.044128    
   102.854233       189.027237    
   102.896622       189.010483    
   102.939011       188.993866    
   102.981400       188.977402    
   103.023788       188.961060    
   103.066162       188.944870    
   103.108551       188.928833    
   103.150940       188.912918    
   103.193329       188.897156    
   103.235718       188.881561    
   103.278091       188.866089    
   103.320480       188.850800    
   103.362869       188.835632    
   103.405258       188.820633    
   103.447647       188.805786    
   103.490036       188.791107    
   103.532410       188.776596    
   103.574799       188.762207    
   103.617188       188.748032    
   103.659576       188.733963    
   103.701965       188.720078    
   103.744347       188.706375    
   103.786736       188.692841    
   103.829117       188.679443    
   103.871506       188.666260    
   103.913895       188.653214    
   103.956276       188.640350    
   103.998665       188.627686    
   104.041054       188.615158    
   104.083443       188.602829    
   104.125832       188.590683    
   104.168213       188.578705    
   104.210594       188.566940    
   104.252983       188.555313    
   104.295372       188.543884    
   104.337761       188.532684    
   104.380150       188.521606    
   104.422523       188.510757    
   104.464912       188.500092    
   104.507301       188.489624    
   104.549690       188.479340    
   104.592079       188.469269    
   104.634468       188.459381    
   104.676842       188.449692    
   104.719231       188.440216    
   104.761620       188.430923    
   104.804008       188.421829    
   104.846397       188.412964    
   104.888771       188.404297    
   104.931160       188.395828    
   104.973549       188.387573    
   105.015938       188.379517    
   105.058327       188.371689    
   105.100716       188.364059    
   105.143097       188.356659    
   105.185478       188.349472    
   105.227867       188.342499    
   105.270256       188.335754    
   105.312645       188.329224    
   105.355026       188.322891    
   105.397415       188.316803    
   105.439804       188.310944    
   105.482193       188.305313    
   105.524574       188.299911    
   105.566956       188.294724    
   105.609344       188.289780    
   105.651733       188.285065    
   105.694122       188.280579    
   105.736511       188.276337    
   105.778900       188.272339    
   105.821274       188.268555    
   105.863663       188.265030    
   105.906052       188.261749    
   105.948441       188.258682    
   105.990829       188.255890    
   106.033203       188.253342    
   106.075592       188.251038    
   106.117981       188.248962    
   106.160370       188.247162    
   106.202759       188.245575    
   106.245148       188.244278    
   106.287521       188.243240    
   106.329910       188.242447    
   106.372299       188.241898    
   106.414688       188.241623    
   106.457077       188.241608    
   106.499458       188.241852    
   106.541847       188.242340    
   106.584229       188.243118    
   106.626617       188.244156    
   106.669006       188.245453    
   106.711395       188.247040    
   106.753777       188.248871    
   106.796165       188.250992    
   106.838554       188.253387    
   106.880943       188.256058    
   106.923325       188.259003    
   106.965706       188.262207    
   107.008095       188.265717    
   107.050484       188.269485    
   107.092873       188.273560    
   107.135262       188.277908    
   107.177650       188.282547    
   107.220024       188.287460    
   107.262413       188.292664    
   107.304802       188.298172    
   107.347191       188.303940    
   107.389580       188.310028    
   107.431953       188.316422    
   107.474342       188.323090    
   107.516731       188.330063    
   107.559120       188.337326    
   107.601509       188.344879    
   107.643883       188.352753    
   107.686272       188.360931    
   107.728661       188.369415    
   107.771049       188.378204    
   107.813438       188.387283    
   107.855827       188.396698    
   107.898209       188.406418    
   107.940590       188.416428    
   107.982979       188.426773    
   108.025368       188.437424    
   108.067757       188.448395    
   108.110138       188.459671    
   108.152527       188.471283    
   108.194916       188.483200    
   108.237305       188.495453    
   108.279686       188.508026    
   108.322075       188.520920    
   108.364456       188.534164    
   108.406845       188.547714    
   108.449234       188.561584    
   108.491623       188.575806    
   108.534012       188.590347    
   108.576385       188.605225    
   108.618774       188.620453    
   108.661163       188.636017    
   108.703552       188.651901    
   108.745941       188.668137    
   108.788330       188.684692    
   108.830704       188.701614    
   108.873093       188.718872    
   108.915482       188.736481    
   108.957870       188.754440    
   109.000259       188.772751    
   109.042633       188.791397    
   109.085022       188.810394    
   109.127411       188.829758    
   109.169800       188.849487    
   109.212189       188.869537    
   109.254570       188.889969    
   109.296959       188.910767    
   109.339340       188.931900    
   109.381729       188.953415    
   109.424118       188.975281    
   109.466507       188.997543    
   109.508888       189.020126    
   109.551277       189.043091    
   109.593666       189.066467    
   109.636047       189.090164    
   109.678436       189.114258    
   109.720818       189.138718    
   109.763206       189.163544    
   109.805595       189.188766    
   109.847984       189.214355    
   109.890373       189.240326    
   109.932762       189.266678    
   109.975136       189.293396    
   110.017525       189.320541    
   110.059914       189.348053    
   110.102303       189.375931    
   110.144691       189.404221    
   110.187065       189.432877    
   110.229454       189.461945    
   110.271843       189.491409    
   110.314232       189.521240    
   110.356621       189.551498    
   110.399010       189.582138    
   110.441383       189.613190    
   110.483772       189.644623    
   110.526161       189.676468    
   110.568550       189.708725    
   110.610939       189.741379    
   110.653320       189.774429    
   110.695702       189.807892    
   110.738091       189.841766    
   110.780479       189.876068    
   110.822868       189.910782    
   110.865250       189.945877    
   110.907639       189.981415    
   110.950027       190.017365    
   110.992416       190.053741    
   111.034798       190.090500    
   111.077187       190.127716    
   111.119568       190.165344    
   111.161957       190.203384    
   111.204346       190.241882    
   111.246735       190.280792    
   111.289124       190.320114    
   111.331497       190.359879    
   111.373886       190.400070    
   111.416275       190.440704    
   111.458664       190.481735    
   111.501053       190.523209    
   111.543442       190.565125    
   111.585815       190.607437    
   111.628204       190.650162    
   111.670593       190.693329    
   111.712982       190.736893    
   111.755371       190.780869    
   111.797745       190.825256    
   111.840134       190.870056    
   111.882523       190.915268    
   111.924911       190.960892    
   111.967300       191.006897    
   112.009689       191.053345    
   112.052063       191.100159    
   112.094452       191.147369    
   112.136841       191.195007    
   112.179230       191.243011    
   112.221619       191.291428    
   112.264000       191.340225    
   112.306389       191.389404    
   112.348778       191.438980    
   112.391159       191.488953    
   112.433548       191.539276    
   112.475929       191.589996    
   112.518318       191.641113    
   112.560707       191.692612    
   112.603096       191.744461    
   112.645485       191.796722    
   112.687874       191.849335    
   112.730247       191.902298    
   112.772636       191.955658    
   112.815025       192.009369    
   112.857414       192.063446    
   112.899803       192.117920    
   112.942177       192.172684    
   112.984566       192.227859    
   113.026955       192.283401    
   113.069344       192.339279    
   113.111732       192.395523    
   113.154121       192.452118    
   113.196495       192.509048    
   113.238884       192.566330    
   113.281273       192.623962    
   113.323662       192.681946    
   113.366051       192.740295    
   113.408432       192.798950    
   113.450813       192.857941    
   113.493202       192.917297    
   113.535591       192.976959    
   113.577980       193.036987    
   113.620369       193.097336    
   113.662750       193.158005    
   113.705139       193.219009    
   113.747528       193.280350    
   113.789909       193.341995    
   113.832298       193.403976    
   113.874680       193.466263    
   113.917068       193.528885    
   113.959457       193.591827    
   114.001846       193.655090    
   114.044235       193.718658    
   114.086609       193.782532    
   114.128998       193.846695    
   114.171387       193.911209    
   114.213776       193.976013    
   114.256165       194.041122    
   114.298553       194.106537    
   114.340927       194.172226    
   114.383316       194.238220    
   114.425705       194.304550    
   114.468094       194.371170    
   114.510483       194.438049    
   114.552856       194.505219    
   114.595245       194.572708    
   114.637634       194.640488    
   114.680023       194.708527    
   114.722412       194.776886    
   114.764801       194.845490    
   114.807175       194.914368    
   114.849564       194.983551    
   114.891953       195.053009    
   114.934341       195.122742    
   114.976730       195.192734    
   115.019112       195.263000    
   115.061501       195.333572    
   115.103889       195.404373    
   115.146271       195.475449    
   115.188660       195.546799    
   115.231049       195.618393    
   115.273430       195.690247    
   115.315819       195.762375    
   115.358208       195.834763    
   115.400597       195.907379    
   115.442986       195.980286    
   115.485359       196.053375    
   115.527748       196.126785    
   115.570137       196.200424    
   115.612526       196.274307    
   115.654915       196.348419    
   115.697304       196.422806    
   115.739677       196.497375    
   115.782066       196.572220    
   115.824455       196.647308    
   115.866844       196.722610    
   115.909233       196.798172    
   115.951607       196.873917    
   115.993996       196.949936    
   116.036385       197.026169    
   116.078773       197.102631    
   116.121162       197.179306    
   116.163544       197.256195    
   116.205925       197.333313    
   116.248314       197.410660    
   116.290703       197.488220    
   116.333092       197.565979    
   116.375481       197.643982    
   116.417862       197.722153    
   116.460251       197.800568    
   116.502632       197.879166    
   116.545021       197.957977    
   116.587410       198.036987    
   116.629791       198.116196    
   116.672180       198.195618    
   116.714569       198.275238    
   116.756958       198.355042    
   116.799347       198.435059    
   116.841728       198.515244    
   116.884109       198.595612    
   116.926498       198.676193    
   116.968887       198.756958    
   117.011276       198.837906    
   117.053665       198.919022    
   117.096039       199.000320    
   117.138428       199.081802    
   117.180817       199.163467    
   117.223206       199.245300    
   117.265594       199.327332    
   117.307983       199.409500    
   117.350357       199.491837    
   117.392746       199.574371    
   117.435135       199.657043    
   117.477524       199.739914    
   117.519913       199.822952    
   117.562286       199.906067    
   117.604675       199.989426    
   117.647064       200.072937    
   117.689453       200.156555    
   117.731842       200.240372    
   117.774223       200.324310    
   117.816612       200.408432    
   117.859001       200.492661    
   117.901382       200.577042    
   117.943771       200.661591    
   117.986160       200.746277    
   118.028542       200.831085    
   118.070930       200.916046    
   118.113319       201.001144    
   118.155708       201.086380    
   118.198097       201.171738    
   118.240471       201.257202    
   118.282860       201.342850    
   118.325249       201.428589    
   118.367638       201.514481    
   118.410027       201.600479    
   118.452415       201.686600    
   118.494789       201.772812    
   118.537178       201.859161    
   118.579567       201.945648    
   118.621956       202.032257    
   118.664345       202.118942    
   118.706718       202.205734    
   118.749107       202.292679    
   118.791496       202.379684    
   118.833885       202.466843    
   118.876274       202.554092    
   118.918663       202.641418    
   118.961037       202.728836    
   119.003426       202.816360    
   119.045815       202.904007    
   119.088203       202.991745    
   119.130592       203.079559    
   119.172974       203.167450    
   119.215363       203.255463    
   119.257744       203.343521    
   119.300133       203.431717    
   119.342522       203.519974    
   119.384903       203.608292    
   119.427292       203.696701    
   119.469681       203.785202    
   119.512070       203.873764    
   119.554459       203.962402    
   119.596840       204.051102    
   119.639221       204.139877    
   119.681610       204.228729    
   119.723999       204.317673    
   119.766388       204.406631    
   119.808777       204.495697    
   119.851151       204.584778    
   119.893539       204.673935    
   119.935928       204.763168    
   119.978317       204.852448    
   120.020706       204.941772    
   120.063095       205.031174    
   120.105469       205.120575    
   120.147858       205.210052    
   120.190247       205.299591    
   120.232635       205.389145    
   120.275024       205.478775    
   120.317398       205.568405    
   120.359787       205.658081    
   120.402176       205.747833    
   120.444565       205.837601    
   120.486954       205.927399    
   120.529343       206.017242    
   120.571724       206.107071    
   120.614113       206.196976    
   120.656494       206.286865    
   120.698883       206.376801    
   120.741272       206.466766    
   120.783653       206.556732    
   120.826042       206.646744    
   120.868431       206.736740    
   120.910820       206.826782    
   120.953209       206.916824    
   120.995583       207.006851    
   121.037971       207.096909    
   121.080360       207.186996    
   121.122749       207.277054    
   121.165138       207.367157    
   121.207527       190.342743    
